%YAML:1.0

cam0:
  T_imu_cam:
    - [0.0, 0.0, 1.0, 0.0]
    - [0.0, 1.0, 0.0, 0.0]
    - [-1.0, 0.0, 0.0, 0.15]
    - [0.0, 0.0, 0.0, 1.0]
  cam_overlaps: []
  camera_model: pinhole
  distortion_coeffs: [0.0, 0.0, 0.0, 0.0]
  distortion_model: radtan
  intrinsics: [582.17645, 582.17645, 400.0, 300.0]
  resolution: [800, 600]
  rostopic: /drone/down_mono
  timeshift_cam_imu: 0.0
